1375.00
3513.00
2830.00
2434.00
2087.00
1895.00
2591.00
2959.00
2212.00
4413.00
3343.00
2335.00
2475.00
2812.00
2015.00
3328.00
3225.00
3534.00
3284.00
3491.00
2503.00
2042.00
2048.00
4709.00
1373.00
1859.00
1942.00
3355.00
2282.00
3452.00
3492.00
2000.00
3302.00
1227.00
917.00
2857.00
3297.00
3915.00
2600.00
2720.00
3611.00
1819.00
4559.00
4364.00
2192.00
3701.00
2944.00
1273.00
863.00
3185.00
4015.00
4314.00
1685.00
2818.00
4361.00
2918.00
2775.00
1610.00
4068.00
2602.00
2708.00
Average: 2793.90
