-508.95
-532.10
-482.27
-482.04
-702.60
-524.50
-411.32
-520.85
-557.81
-281.03
-428.02
-565.90
-376.20
-378.08
-469.40
-469.85
-461.62
-451.12
-273.25
-280.50
-417.59
-346.67
-428.75
-476.92
-470.11
-462.27
-397.65
-654.95
-643.33
-406.12
-490.60
-577.91
-467.50
-404.00
-515.03
-388.50
-509.00
-435.60
-738.62
-507.21
-519.69
-422.91
-404.80
-252.22
-477.17
-394.58
-208.33
-435.21
-566.97
-504.80
-582.40
-553.36
-385.67
-387.57
-575.33
-481.60
-494.00
-593.00
-632.67
-525.38
-520.38
-403.34
-534.75
-463.75
-364.71
-682.14
-466.91
-623.67
-148.00
-508.71
-486.71
-648.44
-404.50
-690.60
